1D-IDCT

Test Vectors
100 100 0 0 0 0 0 0

0 0 100 100 0 0 0 0

0 0 0 0 100 100 0 0

0 0 0 0 0 0 100 100

100 100 100 100 0 0 0 0

0 0 0 0 100 100 100 100

100 0 100 0 100 0 100 0

100 100 100 100 100 100 100 100
-------------------------------
Right Results 
-------------------------------
Pass = 0

955 870 714 510 290 86 -70 -155

993 106 -771 -837 -208 338 327 52

714 -955 -290 870 -70 -510 155 86

327 -837 993 -771 338 52 -208 106

1948 977 -57 -327 81 424 256 -103

1041 -1792 703 99 268 -458 -54 192

1539 -306 306 61 61 306 -306 1539

2989 -815 646 -227 349 -34 203 89
-------------------------------
Pass = 1

7 7 6 4 2 1 0 0

8 1 0 0 0 3 3 0

6 0 0 7 0 0 1 1

3 0 8 0 3 0 0 1

15 8 0 0 1 3 2 0

8 0 5 1 2 0 0 1

12 0 2 0 0 2 0 12

23 0 5 0 3 0 2 1

