2D-IDCT


2nd Test


1240           0         -10           0           0           0           0           0
 -24         -12           0           0           0           0           0           0
 -14         -13           0           0           0           0           0           0
   0           0           0           0           0           0           0           0
   0           0           0           0           0           0           0           0
   0           0           0           0           0           0           0           0
   0           0           0           0           0           0           0           0
   0           0           0           0           0           0           0           0

===============================
Starting with Rows
-------------------------------
Result

 
Pass 1

 
4908        4938        4982        5012        5012        4982        4938        4908
-163        -152        -134        -109         -83         -58         -40         -29
-128        -117         -97         -70         -42         -15           5          16
   0           0           0           0           0           0           0           0
   0           0           0           0           0           0           0           0
   0           0           0           0           0           0           0           0
   0           0           0           0           0           0           0           0
   0           0           0           0           0           0           0           0



Pass 2
141   143   146   149   151   153   153   153
145   147   149   151   153   153   153   153
152   153   154   155   155   155   153   152
157   158   158   159   158   156   154   152
160   160   161   160   159   157   154   153
160   160   161   160   159   157   155   154
157   158   159   159   159   158   156   155
155   156   158   158   159   158   156   155

===============================
Starting with Columns
-------------------------------
Result
 

Pass 1
 

4754        -135         -40           0           0           0           0           0
4817         -85         -40           0           0           0           0           0
4915         -10         -40           0           0           0           0           0
5007          55         -40           0           0           0           0           0
5060          81         -40           0           0           0           0           0
5066          66         -40           0           0           0           0           0
5043          28         -40           0           0           0           0           0
5020          -1         -40           0           0           0           0           0


Pass 2


141 143 146 149 151 153 153 153
145 147 149 151 153 153 153 153
152 153 154 155 155 155 153 152
157 158 158 159 158 156 154 152
160 160 161 160 159 157 154 153
160 160 161 161 159 157 155 154
157 158 159 159 159 158 156 155
155 156 158 158 159 158 156 155
-------------------------------

