2D-IDCT

1st Test

100 0 0 0 0 0 0 0
0 100 0 0 0 0 0 0
0 0 100 0 0 0 0 0
0 0 0 100 0 0 0 0
0 0 0 0 100 0 0 0
0 0 0 0 0 100 0 0
0 0 0 0 0 0 100 0
0 0 0 0 0 0 0 100
===============================
Starting with Rows
-------------------------------
Result
 
Pass 1
 
400   555   523   470   400   314   216   110
400   470   216  -110  -400  -555  -523  -314
400   314  -216  -555  -400   110   523   470
400   110  -523  -314   400   470  -216  -555
400  -110  -523   314   400  -470  -216   555
400  -314  -216   555  -400  -110   523  -470
400  -470   216   110  -400   555  -523   314
400  -555   523  -470   400  -314   216  -110

Pass 2
100 0 0 0 0 0 0 0
0 100 0 0 0 0 0 0
0 0 100 0 0 0 0 0
0 0 0 100 0 0 0 0
0 0 0 0 100 0 0 0
0 0 0 0 0 100 0 0
0 0 0 0 0 0 100 0
0 0 0 0 0 0 0 100

===============================
Starting with Columns
-------------------------------
Result
 
Pass 1
 
400   400   400   400   400   400   400   400
555   470   314   110  -110  -314  -470  -555
523   216  -216  -523  -523  -216   216   523
470  -110  -555  -314   314   555   110  -470
400  -400  -400   400   400  -400  -400   400
314  -555   110   470  -470  -110   555  -314
216  -523   523  -216  -216   523  -523   216
110  -314   470  -555   555  -470   314  -110

Pass 2
100 0 0 0 0 0 0 0
0 100 0 0 0 0 0 0
0 0 100 0 0 0 0 0
0 0 0 100 0 0 0 0
0 0 0 0 100 0 0 0
0 0 0 0 0 100 0 0
0 0 0 0 0 0 100 0
0 0 0 0 0 0 0 100
-------------------------------

